-1.59275360760578
-0.330885706970591
-0.529526501260896
-0.432514129320846
1.0017932885702
0.878357924108903
0.76513527041042
0.313351960457348
0.510183602054494
-0.0814693778681811
-0.348648939873441
-1.04990830799742
-0.0131591230258063
1.09031250984351
0.383924413194331
-1.02499389917762
-2.31949976721843
9.1490549062229
4.08462881588673
1.33798954966086
1.04228820358774
1.38643472222032
0.474189045157571
0.54791788036478
0.83831466669182
1.34924406730638
1.99667643648746
0.0360907562997566
2.73057966024484
1.86873498443642
0.91995002415651
0.367289837290405
1.33470591497929
0.0092983478917197
2.03008614520813
-1.08117530218874
